19 0.4589202790007356 0.6927043354605297 0.18163862060126482 0.14448234921124098
19 0.40174173729351115 0.5313774698895556 0.14272923840369026 0.13217747182879827
19 0.23875106191048964 0.6098633665103331 0.11550983202801472 0.2165307204940252
19 0.3778481978135823 0.4527816966620325 0.2327318610417361 0.10971886330440743
19 0.620142776931046 0.29207778423303243 0.2588975803263688 0.1570728732068957
19 0.8508164382540535 0.4580448087801976 0.25649373417252264 0.15690477990895452
19 0.772589240953135 0.7486410201323004 0.1472010479093555 0.12530211996314206
19 0.9186344044705292 0.7767648207704594 0.09398717757740836 0.2174217269664009
19 0.816843100785966 0.6473097884085794 0.19421765604054067 0.15734204647017747
19 0.6853559944681386 0.692444518805093 0.1693428014243592 0.18914686634667102
19 0.8631518464101782 0.32180726784303704 0.23267919450207913 0.1600315392372355