2 0.5420673076923077 0.23723178098743888 0.18028846153846154 0.2837884995608913
2 0.6694711538461539 0.47078847452328926 0.1658653846153846 0.20147003498063534
2 0.27163461538461536 0.4040971085691788 0.30288461538461536 0.30320698695460513
2 0.47836538461538464 0.5699726649887444 0.15865384615384615 0.2059838796135844
2 0.3581730769230769 0.565075203743022 0.15865384615384615 0.20117618730589207
2 0.41466346153846156 0.7777135489900501 0.21394230769230768 0.21304440409430908
2 0.7151442307692307 0.7959668174889715 0.14903846153846154 0.24645746732931129
2 0.6033653846153846 0.7601621785304497 0.16826923076923078 0.220798753436319
2 0.8413461538461539 0.6568783825662108 0.17307692307692307 0.19695619034768633
2 0.8112980769230769 0.7950770941778571 0.13942307692307693 0.2052002858142687
2 0.7043269230769231 0.33038181520762566 0.1971153846153846 0.16428183644298475
2 0.8509615384615384 0.12842402561971472 0.19951923076923078 0.18361055489866845
2 0.8497596153846154 0.32909620485341134 0.1875 0.22879388569717313
2 0.0985576923076923 0.3982466874522616 0.17067307692307693 0.3338774718920028
2 0.19951923076923078 0.6571682472063607 0.17548076923076922 0.23551567803413928