11 0.7929729334087552 0.4983088954860717 0.36708700901016655 0.317904245487556
11 0.541628037260619 0.28217980215950533 0.3815100859332435 0.31832391416407313
11 0.23494357147760073 0.2924576396245774 0.36949085516401264 0.3179741902669756
11 0.5121229777669326 0.6809513464070803 0.3949253209470311 0.2995128136098209
11 0.5650245859840998 0.8783095151956353 0.4314971558286522 0.24338096960872946
11 0.7952847849890438 0.8955175214687011 0.3411690655110719 0.2089649570625977
11 0.8154383023675777 0.7437809822960575 0.3517820704164615 0.30065765373411596
11 0.8216012420414559 0.25582232362820656 0.3567975159170882 0.33020325537446493
11 0.9199699639911564 0.1781612134305603 0.16006007201768732 0.1778331680774497
11 0.7322707720138804 0.09571249893334213 0.36573189124274624 0.1546525413642761
11 0.31007059979794344 0.12303070690426027 0.3797565842112715 0.23906693586656955
11 0.2787881449376999 0.8313738191523427 0.38796574296281494 0.3041106715792545
11 0.16649860661594143 0.566486852426912 0.28940805065512265 0.3012429356230548