14 0.6974179499949835 0.9224205351245092 0.21394893554700298 0.11066852631197605
14 0.38411120411443955 0.8733630379806746 0.24710227142515606 0.15262518497397792
14 0.556572342054313 0.8805402124917183 0.18208646433730089 0.14795484656946528
14 0.7417344181495141 0.718078344841744 0.11734724565712075 0.09769537539930823
14 0.6777855538620922 0.6483133966344578 0.18840231532676738 0.12897590981099244
14 0.7181240949319554 0.5809064929634912 0.17397923840369053 0.12847224486639994
14 0.9158618925390848 0.45760442190738587 0.12774635681056823 0.11485807510595951
14 0.6111859022103252 0.5066429242053672 0.14675320417331955 0.1107219360577239
14 0.4797317570170213 0.4692345172505403 0.17386727746968125 0.12606839871255376
14 0.3804166714410944 0.5147015633188474 0.1766070064255546 0.1333638813315242
14 0.3661385165765501 0.43480229834574186 0.1639160100522697 0.11852108362128697
14 0.2520677852028668 0.43638579966991975 0.19298608576644158 0.12433610581816432
14 0.27738716962773685 0.5110996236268885 0.18325874021704788 0.12159648303458982