2 0.6829404125245928 0.6495398670125103 0.2011218288380613 0.2557605894092727
2 0.5116797264994913 0.6356920535747782 0.188598933124238 0.24112771603273148
2 0.47650339689543625 0.2827252822209755 0.21056932513858173 0.25112073426435155
2 0.3499847939334374 0.4136178327945039 0.18851498896680602 0.23872386987888536
2 0.3577496284959054 0.6359736020252732 0.20128971715292548 0.26056828171696506
2 0.12095551513621708 0.6052298432824014 0.20967647381851318 0.2943480057428896
2 0.17453833770376337 0.21102613698915595 0.23991914392932812 0.26604732267574255
2 0.6621108238144038 0.12698456512419234 0.2638736613103577 0.2539691302483847
2 0.7406632036791851 0.33944979645853385 0.22181018315686038 0.3666312275210455
2 0.5798192013038836 0.4516990078709927 0.20866914392932812 0.26550185189673575
2 0.9055613157146956 0.6432128271788844 0.188877368570609 0.2291924038448865