19 0.2717632336525295 0.40040036218234404 0.15449415433318325 0.19183657632400958
19 0.4484109535705121 0.39646134397193317 0.14135580709324033 0.15302531396537356
19 0.4510781039245803 0.2222524425975065 0.215315479627115 0.13596283289660918
19 0.5324406517859982 0.39761904592301955 0.12931085267042683 0.2343364145196258
19 0.5701749962449608 0.6691266335755874 0.173349476013272 0.2620377282414846
19 0.30357438242375223 0.834202537609237 0.1784369474386425 0.2717930024157083
19 0.07303348346503379 0.6679802029154259 0.1342142134111214 0.15521932578096115
19 0.04091119627708785 0.820611571857865 0.0818223925541757 0.16646916397657754
19 0.1478232446158157 0.7390592776663092 0.1716008565277844 0.20194157439533073
19 0.1660932844069656 0.6064280705282538 0.19507975983088988 0.1834102529587566
19 0.42968425015833744 0.8749666181461568 0.17717794140909135 0.22852377164647755