2 0.7425975959907346 0.5804774258282339 0.29277322490225927 0.20896865559838468
2 0.48088360743954783 0.6556944539214025 0.21037090241203332 0.18497761114170327
2 0.6574824065392076 0.2699719803926553 0.31636909031949695 0.3350887203574228
2 0.43804175653509836 0.4398846239138777 0.2125229160935831 0.1779060807750446
2 0.47580886640311676 0.3201360490470994 0.20771522378589077 0.17762606458528513
2 0.25357901340849565 0.3294810285927087 0.22174911433349165 0.23601841275199165
2 0.1543955185094735 0.6279305588724908 0.2531364682366715 0.17307467992646236
2 0.2192612221234141 0.5221968909145953 0.22976955995766668 0.19090536820843368
2 0.2532126514176833 0.7865036682836826 0.20589898673406923 0.19431297956732863
2 0.12704126275244457 0.7242825628982117 0.2143391531454047 0.1612191657930014
2 0.6093329260224846 0.721381320442763 0.17300063799711188 0.21398748162362696
2 0.7668344293063449 0.8825338469140157 0.1900488591346471 0.15260754638266533
2 0.5694824794245062 0.8664402839723658 0.2376526516786619 0.21055616172384253
2 0.7091155186399628 0.10009465815422328 0.34308610581816434 0.20018931630844655
2 0.430505930060263 0.14045391539470675 0.2444444693530398 0.19895695523925086