2 0.36354724472947303 0.6631126021997821 0.19108079487676835 0.14166005636112516
2 0.5050550554547061 0.5862831802538883 0.17768799440993496 0.12420323209089641
2 0.5998601078988675 0.6710732508800198 0.1900505184205249 0.15836099919938715
2 0.6463422626816724 0.5561397879500026 0.16684610909579226 0.13799640782066766
2 0.6648858503314745 0.44626086699535794 0.19588848718446064 0.1419120168384475
2 0.7917012221238594 0.5054377230997636 0.18386925641522986 0.14128211564514168
2 0.8017086584921077 0.3828415692536098 0.19628093566948998 0.1467197091461398
2 0.8983532636183233 0.43043501461445655 0.13500743636824808 0.12914712625653407
2 0.9186874470725925 0.3132815650789429 0.11435394219620594 0.14003253487781436
2 0.9141491167746714 0.17828312893793274 0.1454077179536914 0.13926643182656323
2 0.9607539613005687 0.07650782973473882 0.0678959683030703 0.12802352572786774
2 0.870020859437711 0.045508000209670114 0.1895110009366509 0.09101600041934023
2 0.8149044412520948 0.13321950996959325 0.19991128252209422 0.13254859270038524
2 0.6748928899675568 0.20638017256538724 0.16125351981804123 0.12812906272796057
2 0.548470363392367 0.2596801647371062 0.17508792401357412 0.1216734056983891
2 0.6621626934598555 0.3183479890772251 0.1982923333383068 0.14203799707710865
2 0.41525332446250296 0.32291049212086276 0.16527631515567484 0.11876563858989829
2 0.5177358983526544 0.3869529198426491 0.14565309743987626 0.1129501043729168
2 0.3841264109377611 0.454990939534098 0.18112211702002454 0.10762826949129553
2 0.524727031682009 0.4919032790605824 0.17670687319736159 0.11218400132166564
2 0.4478519198061048 0.17280119855378137 0.18789205175286347 0.1319186915070794
2 0.5840125207397717 0.132155449154241 0.1830843594451713 0.13166673102975712
2 0.5879122296021471 0.029217323348869707 0.20879092541109046 0.058434646697739415
2 0.7605721265722057 0.008332648384766413 0.14756658135351858 0.016665296769532826
2 0.7125935139826229 0.05795282938528866 0.18509575711398824 0.11590565877057732
2 0.4927151254051222 0.06267197752543995 0.19686960839703402 0.1253439550508799
2 0.34372562074424784 0.037794201197112534 0.19235645081919658 0.07558840239422507
2 0.3337675379857527 0.2362256071051717 0.17950316783623707 0.11711767386801905
2 0.2166171027845882 0.32254954423743104 0.1734689748297866 0.13116281007511255
2 0.16709327387672304 0.4161003522601551 0.1562987585115043 0.09675308248929941
2 0.262315154061666 0.4518005470904323 0.1618913477892553 0.10662042758200635
2 0.21158960044296066 0.6040566155243954 0.21511925641522994 0.1429198587477368
2 0.226184720718883 0.703821341718653 0.19471114172937265 0.12748893991537058
2 0.34802075358289614 0.7800140912579733 0.1654725393981895 0.12116948474374457
2 0.4817775083627169 0.7394943220970942 0.19912638555203552 0.12293320808500059
2 0.5038049689645274 0.8508373482252682 0.18666555105410537 0.14621578819149542
2 0.6273085111577494 0.7893128648730795 0.17847289137999367 0.1338186167062809
2 0.749830932138398 0.7398076122901216 0.19127701911928313 0.1440639025149716
2 0.7695518652432882 0.6155056144124 0.20874177016742015 0.12343712903964524
2 0.8681343335388985 0.6833427817229474 0.13157331375815864 0.14572208885613483
2 0.8992612470636403 0.551262334309712 0.10856512867594038 0.12776134363126126
2 0.8755424929751173 0.7978455354369346 0.08531156410753755 0.13611692586003427
2 0.772569755210845 0.8570972636835805 0.2315537310071236 0.13899402811067263
2 0.6402357253722971 0.9095102833750294 0.19853771282449165 0.1157216696234624
2 0.29690255311307856 0.8784355817077204 0.20172645594839642 0.1254630344775079
2 0.43272005917146916 0.9299599685152734 0.19696791888437423 0.0964909003926929
2 0.2034201298281036 0.22031798176999684 0.18548820559901744 0.1317927112684183
2 0.2342037501114862 0.12176540027194663 0.19951883403706494 0.1277409003926929