2 0.6675539943033211 0.28546834351113104 0.3123143134192489 0.2552017649009807
2 0.7223123459901841 0.46940886978691154 0.29447883055467894 0.23979863131374535
2 0.37696489969330343 0.5977261332831675 0.30560705485153383 0.2619932790778798
2 0.5634728132555868 0.6971690480914579 0.28967113824698676 0.2395186151239858
2 0.7875770887648078 0.6324148211524757 0.3097423739674615 0.25265791065225485
2 0.8399497475470746 0.8765141373523265 0.3201005049058506 0.24697172529534692
2 0.4238052730941234 0.8930395788490608 0.32589692385262015 0.21392084230187847
2 0.16031662588400752 0.44385851404658444 0.2809632334539082 0.32040933578547653
2 0.3264934870703792 0.3039087244048627 0.4324560811288862 0.2957160077039354
2 0.5075295718081707 0.4449289185733815 0.32019822507255186 0.26523717380100464
2 0.5776877334387771 0.09589193062882463 0.261144697646785 0.13970084996237564