2 0.3013944368104709 0.37776404641224326 0.23791447677136682 0.2865770251015141
2 0.47133322614642326 0.3247595109890098 0.21113649475351656 0.2656517557997564
2 0.610662947672574 0.6551522955958754 0.25014350399406166 0.29936648317573966
2 0.6932091933030393 0.4898279124996433 0.2109266983000523 0.25363252503052564
2 0.6307903821156107 0.2916789493710408 0.23306482517298177 0.28386508802567
2 0.862977415707406 0.2202461550387575 0.26055611513261023 0.3456557419428124
2 0.36311546016383933 0.1311046220291333 0.20658055818998117 0.2622092440582666
2 0.3392800880321155 0.6869825096118343 0.27130440059670113 0.41117576994065447
2 0.47795062749153583 0.8417404795269318 0.256893490257979 0.273386311866429
2 0.8916137731000957 0.6102245325836931 0.21677245379980847 0.2957302733339017
2 0.10319692369806432 0.4662709735213105 0.19388997876966504 0.2405349760343021