2 0.34375 0.6902905649954515 0.2620192307692308 0.2215662886490342
2 0.3545673076923077 0.5103168549643776 0.24519230769230768 0.19463436750078997
2 0.7307692307692307 0.49121513602045397 0.27163461538461536 0.23146145238209678
2 0.5973557692307693 0.3551216623011327 0.23557692307692307 0.19675843453695813
2 0.38100961538461536 0.3464227859995307 0.25961538461538464 0.21668865156192235
2 0.3942307692307692 0.1136344053632611 0.32211538461538464 0.21369952351913735
2 0.12259615384615384 0.5420287222119334 0.24519230769230768 0.18982667519309765
2 0.6622596153846154 0.7632601713454594 0.3918269230769231 0.24217022981461073
2 0.8689903846153846 0.686342730067845 0.25240384615384615 0.23811343260827927
2 0.7944711538461539 0.18778021113660942 0.27163461538461536 0.24107683699748148
2 0.35697115384615385 0.90983466994525 0.22115384615384615 0.1803306601095001