11 0.5740602308059424 0.27707587187237404 0.2631677374773408 0.3083093600352431
11 0.6841641682783882 0.5475513631689469 0.26333556517160656 0.32273243695832005
11 0.5801999272878272 0.8047201026416049 0.26076389132349465 0.3082813887528656
11 0.3239080728834936 0.46764850260734075 0.2418408061988791 0.3344999261861524
11 0.13154359594573203 0.3572517087352439 0.25911526979384386 0.373157263624334
11 0.18811621027762143 0.15841777438426458 0.24128138055132692 0.2864230031092293
11 0.3639885774616772 0.19411352415167607 0.2486048041423758 0.29612230157174674
11 0.8013915200386695 0.29414223498013486 0.2707708738921657 0.3420471200362221
11 0.9173050635925173 0.18975758268859566 0.16538987281496548 0.27837232617636265
11 0.9281931415560831 0.43746562166426 0.1436137168878338 0.3358408636096495
11 0.7892226575429321 0.797538219593072 0.2633915077363615 0.32754012926601234
11 0.12385907187971637 0.6263566071953139 0.2369771713264315 0.3296362913137048
11 0.30892893857412074 0.8328093477329351 0.25615199799244553 0.32505236926503345