11 0.4872755927141308 0.7721001421864847 0.2874859118395784 0.3359290396297011
11 0.30149666864566765 0.5252903051213672 0.28770968209859926 0.3551598088604703
11 0.34461458355776375 0.2274921278067839 0.287513883121956 0.33833288578354725
11 0.6971671168535696 0.4956538147379802 0.2662149231258718 0.3666754883672011
11 0.8887895127430105 0.5500720342849885 0.21374987697692058 0.4015022775887822
11 0.8909958757895853 0.7735178263121253 0.2031275261959422 0.31474001548920955
11 0.7273804952749701 0.7905435896971682 0.2729229785046134 0.32357410801880376
11 0.24282368193951565 0.8174425429631408 0.2973810092787391 0.3601913017292736
11 0.13116986449105467 0.9125643263389956 0.19907337438181713 0.17285714227200882
11 0.07798303842482686 0.7168197201604166 0.15596607684965372 0.35946194002756415
11 0.13747991486314726 0.29966748231864304 0.2749598297262945 0.35739580459348314
11 0.8668217681658061 0.26940951075790526 0.2565156246633545 0.3592401493445515
11 0.6220498717744765 0.14458942044732886 0.27993871798950865 0.28917884089465773