14 0.7828463001187888 0.9162773095974541 0.18782400024351467 0.10237099191869375
14 0.4794370988885269 0.8841413857584725 0.21687998842792708 0.11092606158834045
14 0.6388382270530694 0.8759617878700716 0.15218597661233949 0.11511465483163565
14 0.7744272029348647 0.7094345794326758 0.09591828816200486 0.07888570719558229
14 0.6970973191620621 0.6506193484729302 0.16357570436679472 0.09403984411706535
14 0.7191773268767775 0.5844312655053282 0.14929251700255664 0.09817577082070354
14 0.9038574251370787 0.45499904497888166 0.168383396674487 0.09426376598508326
14 0.6046228001090692 0.5250825631453662 0.12483438678757813 0.08263308455753642
14 0.47312357126851734 0.5021537691649519 0.1491526274437178 0.09336807851301124
14 0.3917996088874736 0.5535795784801025 0.1493624617819762 0.1005796169745497
14 0.3596881609715212 0.4812666052665284 0.1394672980489136 0.090516388623129
14 0.2555405219557306 0.49081938156021326 0.16350575958737515 0.09163599796321921
14 0.29472361877438247 0.5586605452681221 0.15629422112583669 0.09130011516119214