2 0.5341411007201488 0.21262783419939094 0.1864463129089571 0.14376494803646014
2 0.4110641420134352 0.3079934691342239 0.17135147038182608 0.1284175983473894
2 0.3012182789349183 0.24792591349348247 0.18253430807333698 0.16268762634523143
2 0.28033111503649477 0.3619079782207449 0.1646997365903327 0.13997469273362342
2 0.28496423808847837 0.4682629502229029 0.19125400521664943 0.14407303895845794
2 0.14864642012047774 0.43625517961495824 0.17923477444741873 0.1433028116534632
2 0.1637049875957375 0.5503304085810825 0.19147792708466746 0.14888073126615026
2 0.06125517401651051 0.5242247900161853 0.12251034803302102 0.13424272765993722
2 0.05988199561122633 0.6405032375557257 0.11976399122245265 0.14595386750717027
2 0.08395830009075675 0.7645485241786634 0.1679166001815135 0.1461687941903061
2 0.05319398676786169 0.8705792637504612 0.10638797353572338 0.13464398282079715
2 0.1688813456810282 0.9023093840474765 0.18655827384296614 0.14616879419030637
2 0.20184372081568702 0.7863551689382962 0.1934339295024776 0.13941939211176463
2 0.3236627759784729 0.6922684798108859 0.15474846917292118 0.1321469724280891
2 0.4360607211967163 0.6203555651815873 0.1688356632939709 0.12585970673254437
2 0.313020037541874 0.5862986214612252 0.19125400521664945 0.14407303895845808
2 0.553826163392697 0.53611532886106 0.1592202786785863 0.12524352488854865
2 0.4406247862212573 0.4966345109890098 0.13954166571178112 0.11439577658517226
2 0.5560983431974008 0.41014447397563525 0.1754873970854645 0.11430261234631048
2 0.4115613383617806 0.40023345513530284 0.1731955118656274 0.11655241303915763
2 0.5506023156489165 0.6825188760541768 0.18141469873324675 0.1386491648067699
2 0.4278349064744015 0.7455096106425861 0.17649504549154543 0.135937227730926
2 0.44985144334600563 0.890295680495214 0.21400822994135502 0.16949790964590997
2 0.28619231628627767 0.9307418260357205 0.15111305274497586 0.10555061927478239
2 0.31786714067983285 0.842431841695771 0.1787869307113826 0.1336874270380786
2 0.5340190198551447 0.807010157551749 0.18711807851301124 0.15818802495953685
2 0.6831957755974437 0.8202188547008528 0.19147792708466746 0.14888073126615026
2 0.6501709702900376 0.603039749921911 0.17341943373364524 0.12136010534684995
2 0.7471415041064703 0.5021570765965281 0.16687966087616082 0.13532104588693
2 0.7767483651482064 0.4067895992560391 0.1508891308769576 0.10074292696709009
2 0.6745025898729119 0.3893750925405326 0.15614466692068626 0.11066640250447271
2 0.694721302094629 0.23828745788965372 0.20567708213972635 0.14499731172445177
2 0.6605702595924374 0.1482041083425601 0.18817839345874934 0.12949591657438214
2 0.5249242072284909 0.10177326081153851 0.15910831774457726 0.12283967873470238
2 0.40467260514183107 0.16220610378510272 0.19287412483243244 0.12740016134253393
2 0.3590621365404539 0.06750301274242518 0.18186254246928285 0.13500602548485036
2 0.2498221168169437 0.14217098182695792 0.17179931411786223 0.13803298296277408
2 0.14119788223048316 0.21024705903398885 0.1865582738429662 0.1461687941903063
2 0.14761906629926336 0.32966913942130177 0.20260147038182616 0.1304201893403759
2 0.05025021950805602 0.2837165697816394 0.10050043901611204 0.14891301428287507
2 0.04465548673495305 0.4124763844734076 0.0893109734699061 0.13177800028395398
2 0.023755245276091422 0.17859396146747303 0.047510490552182844 0.1331966924496693
2 0.10350367881922208 0.1038759455234685 0.20700735763844416 0.14320964741460146
2 0.21240118788600998 0.045913137071584585 0.1864989794486141 0.09182627414316917
2 0.5543071464022089 0.03208663574410026 0.19427032258019766 0.06417327148820053
2 0.41119598651152983 0.012515492574608437 0.18241571928463265 0.025030985149216874
2 0.7799786625977299 0.5947212950279673 0.17889889164539158 0.13609127319192488
2 0.7718384755395957 0.692308132450235 0.19309804670045047 0.1322078536502262