2 0.24970433349706248 0.5987446264178093 0.28287456394615396 0.18281444533904503
2 0.5137937194565712 0.6785370209500198 0.19846019786014965 0.16785716905969122
2 0.376990249736058 0.27913990744776646 0.2955112561365387 0.3129579142764657
2 0.5832214874605239 0.4571847520696251 0.2055038859008547 0.16089746307044914
2 0.5599073629285259 0.3341002004847209 0.2006961935931624 0.16072957475558494
2 0.7887483237362717 0.34655819783636505 0.20684668926752153 0.2185897707627567
2 0.8560620456782592 0.6545557477467168 0.24608951981485042 0.1503052829775637
2 0.8018336219879278 0.5469855471315066 0.22015076338504286 0.17101651263042614
2 0.7335248567895305 0.8164147390888243 0.1938763061135687 0.17730466536021167
2 0.8728350284930028 0.7550136212636628 0.20986397708632482 0.1418345821545438
2 0.37344947509700915 0.7471916493154359 0.15849001548920955 0.20489165684488433
2 0.18620426554540676 0.9197305944466714 0.17414198562029928 0.15499849671613958
2 0.3961771280951396 0.8967604806713639 0.22535010667467964 0.18801132402221354
2 0.3439478353690706 0.09985877579848995 0.34028712093707275 0.17280987434818434
2 0.6277705368827994 0.1488895680694506 0.23233784457510692 0.1786477718791251