14 0.7552999195852531 0.06979943432083628 0.19832113723111833 0.1067640871615039
14 0.4388736409305978 0.10057844530767455 0.22973902554598225 0.112117250248203
14 0.6076045645657049 0.11086244880533025 0.16268316571058633 0.11815392857034225
14 0.7641407609884959 0.2885284546754899 0.1012439053455191 0.07864340784148297
14 0.6880723928455821 0.3487863623922376 0.17145910875165007 0.09428330419465203
14 0.7169490811034204 0.41803634865615497 0.15969171045471542 0.10128504620272621
14 0.9166438083157364 0.5563596709602266 0.16671238336852723 0.09440918206673046
14 0.6012172514220449 0.47898658466933447 0.1327457378178152 0.08640041708202818
14 0.46491154599098683 0.5018109565465181 0.15703603182857315 0.094031548450495
14 0.3763584246741552 0.44562918331915224 0.15496796230445534 0.10360497377518686
14 0.34779463771198194 0.523097731021236 0.14733670305575636 0.09145986513387755
14 0.23667207761175033 0.5094028583931063 0.17377901074806407 0.09192141733149867
14 0.27274120758647435 0.44022189435740555 0.1641636261326795 0.09175358016872738