2 0.34220923268183906 0.368410696381254 0.2384233604697088 0.29406621301668423
2 0.5220618741946287 0.3287076458635737 0.22071457572215755 0.276455563401698
2 0.6693757088665797 0.6796888897402453 0.24513097797660258 0.28478671120332666
2 0.7564589778368226 0.5021335293029618 0.2204626152448352 0.2716478710940057
2 0.6783850859332434 0.276847070372825 0.2360195143158626 0.2939542520826752
2 0.9027574339837867 0.23473685977395095 0.19448513203242668 0.3238607208745671
2 0.9280752461462326 0.6593779219996526 0.14384950770753482 0.2965227257101874
2 0.5237761498430895 0.8671988315222882 0.2928401819568265 0.23425327543290045
2 0.3816070617176776 0.7063453556674807 0.27091271961775204 0.41068239867539863
2 0.5113245494542034 0.537647986577347 0.24601283964723072 0.30161363428024973
2 0.12104005409906668 0.447388659095712 0.20781348328229876 0.2590688356547298