2 0.4088332230851417 0.3473789582900241 0.18996491497721488 0.15453234359670656
2 0.5465812463983875 0.4137540895305643 0.17503817310954545 0.13893192121854162
2 0.635813529102897 0.32635679979045606 0.18823262208282523 0.17356688858496103
2 0.6840201979547786 0.43695810212313135 0.16824635543516728 0.15036247926022822
2 0.7069025380338435 0.5430952037555563 0.19485655144233915 0.1573286382355821
2 0.8268544509208867 0.4773814862776507 0.18275337651567616 0.1539436708691624
2 0.8405830992504435 0.5959548447861709 0.19502443975720332 0.16213633054327425
2 0.9324901063763484 0.5430944102912247 0.13501978724730315 0.14437744149744797
2 0.9499618778398542 0.6561487140214163 0.10007624432029161 0.15384575711398796
2 0.941411062398213 0.7850733972377925 0.11717787520357402 0.15561177529662018
2 0.9852411973965943 0.8822573214817993 0.02951760520681126 0.13432084988552973
2 0.914301030985259 0.9353155671479232 0.17139793802948206 0.1293688657041536
2 0.8646864591510841 0.8400187639009778 0.19709250928132113 0.15271717017040431
2 0.7270223799952706 0.7760474788142836 0.15837913834748654 0.14236604382863105
2 0.6020490848681445 0.7322880841709319 0.17255038279826707 0.13633185082218063
2 0.7088637880664659 0.6678989795130417 0.19485655144233915 0.15732863823558202
2 0.4706884256479586 0.677220821228986 0.1629349981828826 0.13554695385212215
2 0.5666018769965402 0.6095448613259336 0.14096460616853884 0.12416555105410537
2 0.4363172246171292 0.5509699412744756 0.17934220047264524 0.12490129278049403
2 0.5701618446097829 0.5055662263611699 0.17461845232238488 0.12691269044931083
2 0.5092949770902978 0.8217948837011144 0.18498933435465842 0.14933220280398493
2 0.6422620129687251 0.8542218324240367 0.18009769788953386 0.14653590816510914
2 0.6516866339351821 0.9573921829934039 0.20877596342082355 0.08521563401319227
2 0.8197460043108327 0.9738998945355954 0.14708487058346018 0.052200210928809006
2 0.7694025889832432 0.9257235699578763 0.18241759988594808 0.1443282862537778
2 0.5566774715737007 0.9292697796118454 0.1928724260756534 0.1414604407763092
2 0.4187653894844014 0.9553811820567529 0.19384922155315423 0.08923763588649408
2 0.3971231150221651 0.7670954916223626 0.17478634063724904 0.13172038275700315
2 0.2793460911507352 0.6891671125970432 0.17048231327414934 0.14575101119505043
2 0.2283311225636892 0.6011080123621343 0.15248017199317704 0.11072359534360182
2 0.32036026733633144 0.5594819116663602 0.1600274870844438 0.12092765268653047
2 0.26376684181886206 0.4146380904522949 0.20927962836541614 0.15850598369067
2 0.2747062362085074 0.31605582052276754 0.19194904034390062 0.1427093370699904
2 0.38810289668762665 0.23422654243857516 0.16285105402545047 0.13314310769827592
2 0.5186660864122078 0.26645726691898275 0.19418499818288246 0.13809786900481272
2 0.535153403320592 0.15514440374958818 0.18532511098438675 0.15894758741936948
2 0.6581006010023163 0.20952488184273282 0.17537394973927378 0.1485473058339262
2 0.7770223086661111 0.25159179280287475 0.19004885913464684 0.15693618975055268
2 0.8015682646879755 0.371048160402711 0.20396827111313123 0.14369045828256374
2 0.9033234431063085 0.299055068798253 0.15664684545309682 0.16140058881688574
2 0.9364640759432358 0.42540406087402055 0.12707184811352853 0.14020757716096974
2 0.9053037389341837 0.1841610140199242 0.10574635543516728 0.1452606489548469
2 0.7945436603365542 0.1355693494470452 0.2260226072849072 0.15747570723442653
2 0.6650984495314642 0.10103289093404885 0.19558151444754376 0.10944793940117359
2 0.33447422155315415 0.13996160257653634 0.19916057880543908 0.14329800979753438
2 0.46553724668351737 0.0835443557284082 0.1906898779824193 0.10665164476229808
2 0.2708525149936521 0.7891475298460081 0.18241759988594808 0.14432828625377808
2 0.3053343650547874 0.8842465219217759 0.19684067680902492 0.14550563170886585