19 0.7421825108039661 0.575963954573261 0.12363105626444884 0.18789205175286347
19 0.5609997998805071 0.6140336396480188 0.12098946225775105 0.1468304428949643
19 0.6197130248232949 0.7942237906991401 0.20968003692939247 0.11082150909877643
19 0.47699105100622485 0.6288004065446208 0.07829362336892706 0.24185609883739245
19 0.3444640449137041 0.35728887763526357 0.12648242778836843 0.2650113529184552
19 0.5607464641495419 0.15749909465976422 0.12630062060677608 0.23376135291845512
19 0.8508714362258918 0.26047103895970497 0.11141603314581079 0.15325708438644406
19 0.8932456162549754 0.11015692147881519 0.18552969404841235 0.08962849744286036
19 0.7508181323171657 0.20184696366457694 0.14049993484481613 0.19647715991200465
19 0.778064587158824 0.34222658417839213 0.17397197381706994 0.16797429930721014
19 0.41281202951329987 0.12860438066818894 0.1333163667189074 0.20069617949215296