2 0.3152705268205431 0.36098917069379166 0.2663353706402219 0.2983544101778978
2 0.49732520490771953 0.3161874649907638 0.23572319861143606 0.2755444040943089
2 0.6597552767165171 0.6809925653127767 0.2795319468645407 0.31326723322554695
2 0.743277236850002 0.5075544678575878 0.23734214779522353 0.2660269687038389
2 0.6688323340445252 0.28990435156615424 0.25873138369365406 0.29325287019546215
2 0.8855350617733703 0.23227737906007248 0.22892987645325938 0.35305517636687256
2 0.3791940452261474 0.1177609334018635 0.2241455715709047 0.235521866803727
2 0.3655784592341353 0.6965971145955658 0.3059738578246826 0.43174133933840964
2 0.5164314991006502 0.8604851626215962 0.2794340331093662 0.2533669778292219
2 0.9186117305462583 0.6509649391069108 0.1627765389074834 0.30650055641956553
2 0.1192341771729062 0.44133229020199 0.1854878088668516 0.24714311190371227